2,4,5,6
1,3,4,9
2,4,5,9
1,2,3,5
1,3,4,6,7,9
1,5,7,8,14,101,102
5,6,8,9,10,11
6,7,11,14
2,3,5,7,10
7,9,11,12
7,8,10,12,13,14
10,11,13,19,20,21
11,12,14,15,16,19
6,8,11,13,15,99,100,101
13,14,16,98,99
13,15,17,19,96,98
16,18,19,22,30,90,96
17,19,20,22
12,13,16,17,18,20
12,18,19,21,22,23
12,20,23
17,18,20,23,30
20,21,22,24,28,30
23,25,26,27,28
24,26
24,25,27,31,32,137
24,26,28,29,89,137
23,24,27,29,30
27,28,30,89,90
17,22,23,28,29,90
26,32,33
26,31,33,35,37,137
31,32,34,37
33,37,40
32,36,37,86,137
35,37,38,82,86
32,33,34,35,36,38,39,40
36,37,39,79,81,82
37,38,40,41,43,77,79
34,37,39,41
39,40,42,43,44,45
41,43,44,72,73
39,41,42,73,77
41,42,45,46,72
41,44,46
44,45,47,48,72
46,48,49,58,59,72
46,47,49,51
47,48,50,51,58
49,51,52,55,56,58
48,49,50,52
50,51,53,54,55
52,54
52,53,55
50,52,54,56
50,55,57,58
56,58,62,64,65
47,49,50,56,57,59,61,62,69
47,58,60,61,71,72
59,61,68,69,70,71,153
58,59,60,69
57,58,63,64,69
62,64,66,67,68,69
57,62,63,65,66
57,64,66
63,64,65,67
63,66,68,154
60,63,67,69,153,154,155
58,60,61,62,63,68
60,71,74,150,152,153
59,60,70,72,73,74
42,44,46,47,59,71,73
42,43,71,72,74,75,77
70,71,73,75,76,150
73,74,76,77
74,75,77,78,148,149,150
39,43,73,75,76,78,79
76,77,79,139,140,148
38,39,77,78,80,81,139
79,81,82,84,85,132,139
38,79,80,82
36,38,80,81,83,85,86
82,85,86
80,85,131,132
80,82,83,84,86,88,131
35,36,82,83,85,87,88,137
86,88,89,137
85,86,87,89,91,92,94,131
27,29,87,88,90,91,94,137
17,29,30,89,91,95,96
88,89,90,92,93,95
88,91,93,126,130,131
91,92,95,97,125,126
88,89
90,91,93,96,97
16,17,90,95,97,98
93,95,96,98,116,120,125
15,16,96,97,99,116
14,15,98,100,111,115,116
14,99,101,105,110,111
6,14,100,102,104,105
6,101,103,104
102,104,106
101,102,103,105,106
100,101,104,106,108,110
103,104,105,107,108
106,108
105,106,107,109,110
108,110,112,113
100,105,108,109,111,112
99,100,110,112,115
109,110,111,113,115
109,112,114,115
113,115,117,118,119
99,111,112,113,114,116,117
97,98,99,115,117,120
114,115,116,119,120
114,119,193
114,117,118,120,121,122,187,193
97,116,117,119,121,125
119,120,122,123,124,125
119,121,123,128,181,182,183,186,187
121,122,124,127,128
121,123,125,126,127
93,97,120,121,124,126
92,93,124,125,127,129,130
123,124,126,128,129
122,123,127,129,180,183,184,185
126,127,128,130,135,180
92,126,129,131,135
84,85,88,92,130,132,133,135
80,84,131,133,134,138,139
131,132,134,135,136
132,133,136,138,142
129,130,131,133,136,179,180
133,134,135,142,179
26,27,32,35,86,87,89
132,134,139,141,142
78,79,80,132,138,140,141
78,139,141,147,148
138,139,140,142,146,147
134,136,138,141,143,146,178,179
142,144,146,178
143,145,146,167,168,178
144,146,147,148,149,166,167
141,142,143,144,145,147
140,141,145,146,148
76,78,140,145,147,149
76,145,148,150,151,165,166
70,74,76,149,151,152
149,150,152,157,165
70,150,151,153,156,157,158
60,68,70,152,155,156
67,68,155
68,153,154,156,158,160
152,153,155,158
151,152,158,159,164,165
152,155,156,157,159,160
157,158,160,161,163,164
155,158,159,161
159,160,162,163
161,163
159,161,162,164,242,243
157,159,163,165,166,242
149,151,157,164,166
145,149,164,165,167,242
144,145,166,168,241,242
144,167,169,171,178,240,241
168,170,171,239,240
169,171,173,239
168,169,170,172,173,177,178,179
171,173,176,177
170,171,172,176,233,237,239
175,176,217,233
174,176,177,180,185,189,217
172,173,174,175,177,233
171,172,175,176,179,180
142,143,144,168,171,179
135,136,142,171,177,178,180
128,129,135,175,177,179,185
122,182,186,188
122,181,183,188
122,128,182,184,185,188
128,183,185
128,175,180,183,184,188,189
122,181,187,188
119,122,186,188,191,192,193
181,182,183,185,186,187,189,191
175,185,188,190,191,216,217
189,191,192,195,214,215,216
187,188,189,190,192
187,190,191,193,194,195,197,198
118,119,187,192,194,198
192,193
190,192,196,197,214
195,197,210,213,214
192,195,196,198,199,201,210
192,193,197,199
197,198,200,201
199,201,202,203
197,199,200,202,210
200,201,203,209,210
200,202,204,205,206,209
203,205,207,209
203,204,206,207
203,205,207
204,205,206,208,209,221
207,209,211,212,221
202,203,204,207,208,210,211
196,197,201,202,209,211,213
208,209,210,212,213,214,220
208,211,220,221
196,210,211,214
190,195,196,211,213,215,219,220
190,214,216,219,231
189,190,215,217,218,231,232
174,175,189,216,218,232,233
216,217,232
214,215,220,224,231
211,212,214,219,221,223,224
207,208,212,220,222,223
221,223,227
220,221,222,224,227
219,220,223,225,226,227,231
224,226,228,231,232
224,225,227,228
222,223,224,226
225,226,229,232
228,232,234,235
232,234
215,216,219,224,225,232
216,217,218,225,228,229,230,231,233,234
173,174,176,217,232,234,236,237
229,230,232,233,235,236
229,234,236,238
233,234,235,237,238
173,233,236,238,239
235,236,237,239,240,243
169,170,173,237,238,240
168,169,238,239,241,243
167,168,240,242,243
163,164,166,167,241,243
163,238,240,241,242
